0000000000000000000000000000000000000000
0                                      0
0                XXXX                  0
0                XXXX                  0
0              00000000                0
0                                      0
0       0000              0000         0
0                                      0
0  KKKK          KKKK            KKKK  0
0  0000          0000            0000  0
0                                      0
0          0000          0000          0
0                                      0
0   0000                               0
0   0000                         EEEE  0
0   0000         KKKKKK          EEEE  0
0000000000000000000000000000000000000000