0000000000000000000000000000000000000000
0                                      0
0                                      0
0XXXX                                  0
00000                 000000000000000000
0                     0                0
0                     0                0
0                     0                0
0                000000                0
0                KKKKK0                0
0                     0        KKK     0
0      KKK            0        000     0
0      000            0                0
0      000                             0
0                                      0
0                KKKK                  0
0                0000            000   0
0    K00K        0000            KKK   0
0    K00K        0000                  0
0                0000                  0
0                       KKKK           0
0                       0000           0
0                                      0
0                                      0
0            KKKK                      0
0            0000                      0
0   KK                                 0
0   00                         000     0
0   0                          000     0
0   0                          000     0
0   0   KK                             0
0   0   00            000              0
0   0   00            KKK          EEEE0
0   0   00    KK                   EEEE0
0   0   00KKKK00KKKKKKKKKKKKKKKKKK EEEE0
0000000000000000000000000000000000000000
