0000000000000000000000000000000000000000
0   00                             EEEE0
0   00                             EEEE0
0   00                             EEEE0
0   00 0000            0000K       00000
0   00                 0               0
0    0                                 0
0    0                                 0
0    0       00000              KKK    0
0    0           0              000    0
0    0                            0    0
0    0                 0000            0
0    0                                 0
0    0   0000                          0
0    0                                 0
0    0           0                     0
0    0                                 0
0    0            KKKKKK               0
0        XXX      000000               0
0        XXX                        0000
0        XXX                           0
0000000000000000000000000000000000000000
